{
 "cells": [
  {
   "cell_type": "markdown",
   "metadata": {},
   "source": [
    "# **The story**"
   ]
  },
  {
   "cell_type": "markdown",
   "metadata": {},
   "source": [
    "## 0. Imports"
   ]
  },
  {
   "cell_type": "code",
   "execution_count": 1,
   "metadata": {},
   "outputs": [],
   "source": [
    "import pandas as pd\n",
    "import matplotlib.pyplot as plt\n",
    "import seaborn as sns\n",
    "\n",
    "import itertools\n",
    "\n",
    "from rubix.run import run, run_grid\n",
    "from rubix.constants import DATA_V1"
   ]
  },
  {
   "cell_type": "code",
   "execution_count": 2,
   "metadata": {},
   "outputs": [],
   "source": [
    "# def main(\n",
    "#     path_: str\n",
    "# ) -> None:\n",
    "    \n",
    "#     \"\"\"\n",
    "#     Executes the optimization routine.\n",
    "\n",
    "#     This function prepares the input data, initializes the solver, and executes\n",
    "#     the optimization process. It accepts arbitrary keyword arguments, which may\n",
    "#     include optional parameters for the solver or runtime configuration.\n",
    "\n",
    "#     Expected kwargs:\n",
    "#         path (str): Optional path to the input dataset. Defaults to DATA_V1.\n",
    "\n",
    "#     Returns:\n",
    "#         None\n",
    "#     \"\"\"\n",
    "#     config_path = f\"../rubix.configs/{path_}\"\n",
    "\n",
    "#     # Load the data from the provided path\n",
    "#     dataset = load_data(\n",
    "#         path=DATA_V1,\n",
    "#         config_path = config_path\n",
    "#     )\n",
    "\n",
    "#     # Process the data to the necessary shape\n",
    "#     dataset = process_data(dataset)\n",
    "    \n",
    "#     print(dataset)\n",
    "    \n",
    "#     # Initialize the solver\n",
    "#     solver = Solver(\n",
    "#         dataset.matrix, \n",
    "#         dataset.cost_params,  \n",
    "#         dataset.layout_params, \n",
    "#         dataset.solver_params\n",
    "#     )\n",
    "\n",
    "#     # Solve the problem\n",
    "#     result = solver.solve()\n",
    "\n",
    "#     return dataset, result"
   ]
  },
  {
   "cell_type": "code",
   "execution_count": null,
   "metadata": {},
   "outputs": [
    {
     "name": "stdout",
     "output_type": "stream",
     "text": [
      "DataSet(\n",
      "  stage: Processed,\n",
      "\n",
      "  dataframe:\n",
      "              Name Position  Skill  Salary (€M)\n",
      "0      Alex Carter       GK     85             90\n",
      "1     Jordan Smith       GK     88            100\n",
      "2    Ryan Mitchell       GK     83             85\n",
      "3   Chris Thompson       GK     80             80\n",
      "4  Blake Henderson       GK     87             95\n",
      "\n",
      "  constructors:\n",
      "    label_col: 'Position'\n",
      "    weights: ['Skill', 'Salary (€M)']\n",
      "    constraints: {'GK': 1, 'DEF': 2, 'MID': 2, 'FWD': 2}\n",
      "    window: []\n",
      "\n",
      "  solver parameters:\n",
      "    strategy: 'random'\n",
      "    n: 100\n",
      "    n_iter: 15\n",
      "\n",
      "  matrix:\n",
      "tensor([[ 0,  5, 10, 15, 20, 25, 30],\n",
      "        [ 1,  6, 11, 16, 21, 26, 31],\n",
      "        [ 2,  7, 12, 17, 22, 27, 32],\n",
      "        [ 3,  8, 13, 18, 23, 28, 33],\n",
      "        [ 4,  9, 14, 19, 24, 29, 34]])\n",
      "\n",
      "  layout parameters:\n",
      "    block_indices: [0, 1, 3, 5]\n",
      "    block_ranges: [(0, 1), (1, 3), (3, 5), (5, 7)]\n",
      "    n_cols: 5\n",
      "    n_rows: 7\n",
      "    n_layers: 100\n",
      "    window: (5, 7)\n",
      "    rubix_shape: (100, 5, 7)\n",
      "\n",
      "  cost parameters:\n",
      "    arrays:\n",
      "       0: tensor([85., 88., 83., 80., 87., 81., 79.], dtype=torch.float64) ...\n",
      "       1: tensor([ 90., 100.,  85.,  80.,  95.,  72.,  65.], dtype=torch.float64) ...\n",
      "    lookup:\n",
      "      0: 'Skill'\n",
      "      1: 'Salary (€M)'\n",
      "\n",
      ")\n",
      "\n",
      "Running for 15 iterations.\n",
      "DataSet(\n",
      "  stage: Processed,\n",
      "\n",
      "  dataframe:\n",
      "              Name Position  Skill  Salary (€M)\n",
      "0      Alex Carter       GK     85             90\n",
      "1     Jordan Smith       GK     88            100\n",
      "2    Ryan Mitchell       GK     83             85\n",
      "3   Chris Thompson       GK     80             80\n",
      "4  Blake Henderson       GK     87             95\n",
      "\n",
      "  constructors:\n",
      "    label_col: 'Position'\n",
      "    weights: ['Skill', 'Salary (€M)']\n",
      "    constraints: {'GK': 1, 'DEF': 2, 'MID': 2, 'FWD': 2}\n",
      "    window: []\n",
      "\n",
      "  solver parameters:\n",
      "    strategy: 'greedy'\n",
      "    n: 100\n",
      "    n_iter: 100\n",
      "    patience: 1000.0\n",
      "\n",
      "  matrix:\n",
      "tensor([[ 0,  5, 10, 15, 20, 25, 30],\n",
      "        [ 1,  6, 11, 16, 21, 26, 31],\n",
      "        [ 2,  7, 12, 17, 22, 27, 32],\n",
      "        [ 3,  8, 13, 18, 23, 28, 33],\n",
      "        [ 4,  9, 14, 19, 24, 29, 34]])\n",
      "\n",
      "  layout parameters:\n",
      "    block_indices: [0, 1, 3, 5]\n",
      "    block_ranges: [(0, 1), (1, 3), (3, 5), (5, 7)]\n",
      "    n_cols: 5\n",
      "    n_rows: 7\n",
      "    n_layers: 100\n",
      "    window: (5, 7)\n",
      "    rubix_shape: (100, 5, 7)\n",
      "\n",
      "  cost parameters:\n",
      "    arrays:\n",
      "       0: tensor([85., 88., 83., 80., 87., 81., 79.], dtype=torch.float64) ...\n",
      "       1: tensor([ 90., 100.,  85.,  80.,  95.,  72.,  65.], dtype=torch.float64) ...\n",
      "    lookup:\n",
      "      0: 'Skill'\n",
      "      1: 'Salary (€M)'\n",
      "\n",
      ")\n",
      "\n",
      "Epoch 1/100...\n",
      "Epoch 2/100...\n",
      "Epoch 3/100...\n",
      "Epoch 4/100...\n",
      "Epoch 5/100...\n",
      "Epoch 6/100...\n",
      "Epoch 7/100...\n",
      "Epoch 8/100...\n",
      "Epoch 9/100...\n",
      "Epoch 10/100...\n",
      "Epoch 11/100...\n",
      "Epoch 12/100...\n",
      "Epoch 13/100...\n",
      "Epoch 14/100...\n",
      "Epoch 15/100...\n",
      "Epoch 16/100...\n",
      "Epoch 17/100...\n",
      "Epoch 18/100...\n",
      "Epoch 19/100...\n",
      "Epoch 20/100...\n",
      "Epoch 21/100...\n",
      "Epoch 22/100...\n",
      "Epoch 23/100...\n",
      "Epoch 24/100...\n",
      "Epoch 25/100...\n",
      "Epoch 26/100...\n",
      "Epoch 27/100...\n",
      "Epoch 28/100...\n",
      "Epoch 29/100...\n",
      "Epoch 30/100...\n",
      "Epoch 31/100...\n",
      "Epoch 32/100...\n",
      "Epoch 33/100...\n",
      "Epoch 34/100...\n",
      "Epoch 35/100...\n",
      "Epoch 36/100...\n",
      "Epoch 37/100...\n",
      "Epoch 38/100...\n",
      "Epoch 39/100...\n",
      "Epoch 40/100...\n",
      "Epoch 41/100...\n",
      "Epoch 42/100...\n",
      "Epoch 43/100...\n",
      "Epoch 44/100...\n",
      "Epoch 45/100...\n",
      "Epoch 46/100...\n",
      "Epoch 47/100...\n",
      "Epoch 48/100...\n",
      "Epoch 49/100...\n",
      "Epoch 50/100...\n",
      "Epoch 51/100...\n",
      "Epoch 52/100...\n",
      "Epoch 53/100...\n",
      "Epoch 54/100...\n",
      "Epoch 55/100...\n",
      "Epoch 56/100...\n",
      "Epoch 57/100...\n",
      "Epoch 58/100...\n",
      "Epoch 59/100...\n",
      "Epoch 60/100...\n",
      "Epoch 61/100...\n",
      "Epoch 62/100...\n",
      "Epoch 63/100...\n",
      "Epoch 64/100...\n",
      "Epoch 65/100...\n",
      "Epoch 66/100...\n",
      "Epoch 67/100...\n",
      "Epoch 68/100...\n",
      "Epoch 69/100...\n",
      "Epoch 70/100...\n",
      "Epoch 71/100...\n",
      "Epoch 72/100...\n",
      "Epoch 73/100...\n",
      "Epoch 74/100...\n",
      "Epoch 75/100...\n",
      "Epoch 76/100...\n",
      "Epoch 77/100...\n",
      "Epoch 78/100...\n",
      "Epoch 79/100...\n",
      "Epoch 80/100...\n",
      "Epoch 81/100...\n",
      "Epoch 82/100...\n",
      "Epoch 83/100...\n",
      "Epoch 84/100...\n",
      "Epoch 85/100...\n",
      "Epoch 86/100...\n",
      "Epoch 87/100...\n",
      "Epoch 88/100...\n",
      "Epoch 89/100...\n",
      "Epoch 90/100...\n",
      "Epoch 91/100...\n",
      "Epoch 92/100...\n",
      "Epoch 93/100...\n",
      "Epoch 94/100...\n",
      "Epoch 95/100...\n",
      "Epoch 96/100...\n",
      "Epoch 97/100...\n",
      "Epoch 98/100...\n",
      "Epoch 99/100...\n",
      "Epoch 100/100...\n",
      "DataSet(\n",
      "  stage: Processed,\n",
      "\n",
      "  dataframe:\n",
      "              Name Position  Skill  Salary (€M)\n",
      "0      Alex Carter       GK     85             90\n",
      "1     Jordan Smith       GK     88            100\n",
      "2    Ryan Mitchell       GK     83             85\n",
      "3   Chris Thompson       GK     80             80\n",
      "4  Blake Henderson       GK     87             95\n",
      "\n",
      "  constructors:\n",
      "    label_col: 'Position'\n",
      "    weights: ['Skill', 'Salary (€M)']\n",
      "    constraints: {'GK': 1, 'DEF': 2, 'MID': 2, 'FWD': 2}\n",
      "    window: []\n",
      "\n",
      "  solver parameters:\n",
      "    strategy: 'annealing'\n",
      "    n: 100\n",
      "    temperature: 1.0\n",
      "    decay_rate: 0.01\n",
      "    min_decay: 0.001\n",
      "    k: 1.15\n",
      "    tol: 0.001\n",
      "\n",
      "  matrix:\n",
      "tensor([[ 0,  5, 10, 15, 20, 25, 30],\n",
      "        [ 1,  6, 11, 16, 21, 26, 31],\n",
      "        [ 2,  7, 12, 17, 22, 27, 32],\n",
      "        [ 3,  8, 13, 18, 23, 28, 33],\n",
      "        [ 4,  9, 14, 19, 24, 29, 34]])\n",
      "\n",
      "  layout parameters:\n",
      "    block_indices: [0, 1, 3, 5]\n",
      "    block_ranges: [(0, 1), (1, 3), (3, 5), (5, 7)]\n",
      "    n_cols: 5\n",
      "    n_rows: 7\n",
      "    n_layers: 100\n",
      "    window: (5, 7)\n",
      "    rubix_shape: (100, 5, 7)\n",
      "\n",
      "  cost parameters:\n",
      "    arrays:\n",
      "       0: tensor([85., 88., 83., 80., 87., 81., 79.], dtype=torch.float64) ...\n",
      "       1: tensor([ 90., 100.,  85.,  80.,  95.,  72.,  65.], dtype=torch.float64) ...\n",
      "    lookup:\n",
      "      0: 'Skill'\n",
      "      1: 'Salary (€M)'\n",
      "\n",
      ")\n",
      "\n",
      "Rubix(\n",
      "  Best index: 73\n",
      "  Best fitness: 0.4214)\n",
      "  Solution: \n",
      "  tensor([[ 0, 14,  8, 19, 24, 27, 26],\n",
      "        [ 4,  7,  5, 18, 21, 32, 28],\n",
      "        [ 1,  6, 11, 22, 16, 31, 29],\n",
      "        [ 3, 10, 13, 23, 20, 25, 34],\n",
      "        [ 2, 12,  9, 15, 17, 30, 33]]) \n",
      ") 0.999\n",
      "Rubix(\n",
      "  Best index: 73\n",
      "  Best fitness: 0.4214)\n",
      "  Solution: \n",
      "  tensor([[ 0,  8, 14, 24, 19, 27, 26],\n",
      "        [ 4,  5,  7, 21, 18, 32, 28],\n",
      "        [ 1,  6, 11, 22, 16, 29, 31],\n",
      "        [ 3, 10, 13, 23, 20, 25, 34],\n",
      "        [ 2, 12,  9, 15, 17, 33, 30]]) \n",
      ") 0.98901\n",
      "Rubix(\n",
      "  Best index: 73\n",
      "  Best fitness: 0.4214)\n",
      "  Solution: \n",
      "  tensor([[ 0, 14,  8, 19, 24, 27, 26],\n",
      "        [ 4,  7,  5, 21, 18, 28, 32],\n",
      "        [ 1, 11,  6, 22, 16, 29, 31],\n",
      "        [ 3, 13, 10, 20, 23, 34, 25],\n",
      "        [ 2,  9, 12, 17, 15, 30, 33]]) \n",
      ") 0.9791198999999999\n",
      "Rubix(\n",
      "  Best index: 58\n",
      "  Best fitness: 0.2928)\n",
      "  Solution: \n",
      "  tensor([[ 1, 12,  6, 23, 24, 34, 28],\n",
      "        [ 2, 14,  8, 19, 16, 30, 27],\n",
      "        [ 4,  7, 13, 18, 20, 31, 33],\n",
      "        [ 3,  9,  5, 15, 22, 26, 25],\n",
      "        [ 0, 10, 11, 21, 17, 32, 29]]) \n",
      ") 0.9781407800999999\n",
      "Rubix(\n",
      "  Best index: 58\n",
      "  Best fitness: 0.2928)\n",
      "  Solution: \n",
      "  tensor([[ 1,  6, 12, 24, 23, 28, 34],\n",
      "        [ 2,  8, 14, 16, 19, 27, 30],\n",
      "        [ 4, 13,  7, 20, 18, 31, 33],\n",
      "        [ 3,  5,  9, 22, 15, 25, 26],\n",
      "        [ 0, 11, 10, 21, 17, 32, 29]]) \n",
      ") 0.9683593722989999\n",
      "Rubix(\n",
      "  Best index: 89\n",
      "  Best fitness: 0.1863)\n",
      "  Solution: \n",
      "  tensor([[ 0,  8, 11, 21, 15, 29, 31],\n",
      "        [ 3, 14,  7, 18, 17, 33, 32],\n",
      "        [ 2,  9, 13, 22, 23, 28, 27],\n",
      "        [ 4,  6, 12, 19, 16, 26, 34],\n",
      "        [ 1, 10,  5, 24, 20, 30, 25]]) \n",
      ") 0.9673910129267009\n",
      "Rubix(\n",
      "  Best index: 89\n",
      "  Best fitness: 0.1863)\n",
      "  Solution: \n",
      "  tensor([[ 4,  9, 12, 19, 17, 28, 32],\n",
      "        [ 1,  6,  5, 24, 23, 26, 27],\n",
      "        [ 0, 10, 11, 21, 16, 30, 34],\n",
      "        [ 3,  8,  7, 18, 20, 29, 25],\n",
      "        [ 2, 14, 13, 22, 15, 33, 31]]) \n",
      ") 0.9577171027974339\n",
      "Rubix(\n",
      "  Best index: 89\n",
      "  Best fitness: 0.1863)\n",
      "  Solution: \n",
      "  tensor([[ 1,  5, 14, 23, 21, 31, 29],\n",
      "        [ 0, 11,  9, 16, 18, 33, 32],\n",
      "        [ 3,  6,  7, 22, 20, 27, 28],\n",
      "        [ 2, 10, 13, 15, 19, 26, 34],\n",
      "        [ 4, 12,  8, 24, 17, 25, 30]]) \n",
      ") 0.9481399317694595\n",
      "Rubix(\n",
      "  Best index: 89\n",
      "  Best fitness: 0.1863)\n",
      "  Solution: \n",
      "  tensor([[ 3, 10,  9, 17, 15, 28, 25],\n",
      "        [ 2,  7, 12, 24, 21, 31, 34],\n",
      "        [ 4, 13,  5, 18, 23, 33, 30],\n",
      "        [ 1, 11,  8, 20, 16, 29, 27],\n",
      "        [ 0,  6, 14, 22, 19, 32, 26]]) \n",
      ") 0.9386585324517649\n",
      "Rubix(\n",
      "  Best index: 89\n",
      "  Best fitness: 0.1863)\n",
      "  Solution: \n",
      "  tensor([[ 2, 11, 14, 24, 19, 33, 34],\n",
      "        [ 4,  6,  9, 18, 15, 29, 30],\n",
      "        [ 1, 10, 12, 20, 21, 32, 27],\n",
      "        [ 0,  7,  5, 22, 23, 28, 26],\n",
      "        [ 3, 13,  8, 17, 16, 31, 25]]) \n",
      ") 0.9292719471272473\n",
      "Rubix(\n",
      "  Best index: 89\n",
      "  Best fitness: 0.1863)\n",
      "  Solution: \n",
      "  tensor([[ 2, 11, 14, 19, 24, 33, 34],\n",
      "        [ 4,  9,  6, 18, 15, 30, 29],\n",
      "        [ 1, 12, 10, 21, 20, 27, 32],\n",
      "        [ 0,  5,  7, 23, 22, 28, 26],\n",
      "        [ 3,  8, 13, 16, 17, 25, 31]]) \n",
      ") 0.9199792276559747\n",
      "Rubix(\n",
      "  Best index: 89\n",
      "  Best fitness: 0.1863)\n",
      "  Solution: \n",
      "  tensor([[ 3,  9,  6, 21, 22, 25, 31],\n",
      "        [ 2, 12, 10, 23, 17, 33, 34],\n",
      "        [ 4,  5,  7, 16, 24, 30, 29],\n",
      "        [ 1,  8, 13, 19, 15, 27, 32],\n",
      "        [ 0, 11, 14, 18, 20, 28, 26]]) \n",
      ") 0.910779435379415\n",
      "Rubix(\n",
      "  Best index: 89\n",
      "  Best fitness: 0.1863)\n",
      "  Solution: \n",
      "  tensor([[ 3,  6,  9, 21, 22, 31, 25],\n",
      "        [ 2, 10, 12, 23, 17, 34, 33],\n",
      "        [ 4,  5,  7, 16, 24, 29, 30],\n",
      "        [ 1,  8, 13, 19, 15, 27, 32],\n",
      "        [ 0, 11, 14, 20, 18, 28, 26]]) \n",
      ") 0.9016716410256208\n",
      "Rubix(\n",
      "  Best index: 89\n",
      "  Best fitness: 0.1863)\n",
      "  Solution: \n",
      "  tensor([[ 1, 11, 13, 23, 18, 28, 32],\n",
      "        [ 0,  6, 14, 16, 22, 31, 26],\n",
      "        [ 3, 10,  9, 19, 17, 34, 25],\n",
      "        [ 2,  5, 12, 20, 24, 29, 33],\n",
      "        [ 4,  8,  7, 21, 15, 27, 30]]) \n",
      ") 0.8926549246153646\n",
      "Rubix(\n",
      "  Best index: 89\n",
      "  Best fitness: 0.1863)\n",
      "  Solution: \n",
      "  tensor([[ 1, 11, 13, 23, 18, 28, 32],\n",
      "        [ 0,  6, 14, 16, 22, 31, 26],\n",
      "        [ 3, 10,  9, 17, 19, 25, 34],\n",
      "        [ 2,  5, 12, 24, 20, 33, 29],\n",
      "        [ 4,  7,  8, 21, 15, 30, 27]]) \n",
      ") 0.8837283753692109\n",
      "Rubix(\n",
      "  Best index: 89\n",
      "  Best fitness: 0.1863)\n",
      "  Solution: \n",
      "  tensor([[ 1, 13, 11, 23, 18, 32, 28],\n",
      "        [ 0,  6, 14, 16, 22, 31, 26],\n",
      "        [ 3,  9, 10, 17, 19, 34, 25],\n",
      "        [ 2,  5, 12, 20, 24, 33, 29],\n",
      "        [ 4,  8,  7, 15, 21, 30, 27]]) \n",
      ") 0.8748910916155188\n",
      "Rubix(\n",
      "  Best index: 89\n",
      "  Best fitness: 0.1863)\n",
      "  Solution: \n",
      "  tensor([[ 2,  8, 12, 15, 21, 26, 33],\n",
      "        [ 4, 13,  7, 23, 18, 30, 25],\n",
      "        [ 1, 11,  6, 22, 16, 29, 32],\n",
      "        [ 0,  9, 14, 19, 17, 31, 27],\n",
      "        [ 3, 10,  5, 24, 20, 34, 28]]) \n",
      ") 0.8661421806993637\n",
      "Rubix(\n",
      "  Best index: 89\n",
      "  Best fitness: 0.1863)\n",
      "  Solution: \n",
      "  tensor([[ 2,  8, 12, 15, 21, 26, 33],\n",
      "        [ 4,  7, 13, 23, 18, 25, 30],\n",
      "        [ 1, 11,  6, 22, 16, 29, 32],\n",
      "        [ 0,  9, 14, 19, 17, 27, 31],\n",
      "        [ 3,  5, 10, 24, 20, 34, 28]]) \n",
      ") 0.85748075889237\n",
      "Rubix(\n",
      "  Best index: 89\n",
      "  Best fitness: 0.1863)\n",
      "  Solution: \n",
      "  tensor([[ 4, 10, 11, 24, 20, 25, 30],\n",
      "        [ 1, 12,  9, 21, 15, 29, 32],\n",
      "        [ 0,  5, 13, 18, 23, 27, 31],\n",
      "        [ 3,  8,  6, 16, 22, 28, 34],\n",
      "        [ 2,  7, 14, 17, 19, 33, 26]]) \n",
      ") 0.8489059513034463\n",
      "Rubix(\n",
      "  Best index: 89\n",
      "  Best fitness: 0.1863)\n",
      "  Solution: \n",
      "  tensor([[ 4, 11, 10, 24, 20, 30, 25],\n",
      "        [ 1, 12,  9, 15, 21, 29, 32],\n",
      "        [ 0,  5, 13, 18, 23, 27, 31],\n",
      "        [ 3,  6,  8, 16, 22, 28, 34],\n",
      "        [ 2, 14,  7, 17, 19, 33, 26]]) \n",
      ") 0.8404168917904118\n",
      "Rubix(\n",
      "  Best index: 89\n",
      "  Best fitness: 0.1863)\n",
      "  Solution: \n",
      "  tensor([[ 4, 10, 11, 20, 24, 30, 25],\n",
      "        [ 1, 12,  9, 21, 15, 29, 32],\n",
      "        [ 0,  5, 13, 18, 23, 27, 31],\n",
      "        [ 3,  8,  6, 16, 22, 34, 28],\n",
      "        [ 2, 14,  7, 19, 17, 26, 33]]) \n",
      ") 0.8320127228725077\n",
      "Rubix(\n",
      "  Best index: 89\n",
      "  Best fitness: 0.1863)\n",
      "  Solution: \n",
      "  tensor([[ 3,  6,  8, 22, 16, 33, 34],\n",
      "        [ 2, 14,  7, 17, 19, 25, 26],\n",
      "        [ 4, 11, 10, 20, 24, 32, 30],\n",
      "        [ 1,  9, 12, 21, 15, 31, 29],\n",
      "        [ 0,  5, 13, 18, 23, 28, 27]]) \n",
      ") 0.8236925956437826\n",
      "Rubix(\n",
      "  Best index: 89\n",
      "  Best fitness: 0.1863)\n",
      "  Solution: \n",
      "  tensor([[ 2,  5, 13, 17, 19, 28, 30],\n",
      "        [ 4,  6,  8, 20, 24, 33, 29],\n",
      "        [ 1,  7, 14, 21, 15, 27, 25],\n",
      "        [ 0, 10, 11, 23, 18, 32, 34],\n",
      "        [ 3,  9, 12, 22, 16, 31, 26]]) \n",
      ") 0.8154556696873447\n",
      "Rubix(\n",
      "  Best index: 89\n",
      "  Best fitness: 0.1863)\n",
      "  Solution: \n",
      "  tensor([[ 2,  5, 13, 17, 19, 28, 30],\n",
      "        [ 4,  6,  8, 24, 20, 33, 29],\n",
      "        [ 1,  7, 14, 21, 15, 25, 27],\n",
      "        [ 0, 10, 11, 18, 23, 34, 32],\n",
      "        [ 3, 12,  9, 22, 16, 26, 31]]) \n",
      ") 0.8073011129904712\n",
      "Rubix(\n",
      "  Best index: 89\n",
      "  Best fitness: 0.1863)\n",
      "  Solution: \n",
      "  tensor([[ 1, 10, 11, 24, 15, 25, 29],\n",
      "        [ 0, 12,  9, 21, 23, 34, 27],\n",
      "        [ 3,  5, 13, 18, 16, 26, 32],\n",
      "        [ 2,  6,  8, 22, 19, 28, 31],\n",
      "        [ 4,  7, 14, 17, 20, 33, 30]]) \n",
      ") 0.7992281018605665\n",
      "Rubix(\n",
      "  Best index: 89\n",
      "  Best fitness: 0.1863)\n",
      "  Solution: \n",
      "  tensor([[ 2, 12,  9, 17, 20, 30, 28],\n",
      "        [ 4, 13,  5, 15, 24, 29, 33],\n",
      "        [ 1,  8,  6, 23, 21, 27, 25],\n",
      "        [ 0, 14,  7, 16, 18, 34, 32],\n",
      "        [ 3, 11, 10, 22, 19, 26, 31]]) \n",
      ") 0.7912358208419608\n",
      "Rubix(\n",
      "  Best index: 89\n",
      "  Best fitness: 0.1863)\n",
      "  Solution: \n",
      "  tensor([[ 2,  9, 12, 20, 17, 30, 28],\n",
      "        [ 4, 13,  5, 24, 15, 29, 33],\n",
      "        [ 1,  8,  6, 21, 23, 27, 25],\n",
      "        [ 0,  7, 14, 16, 18, 32, 34],\n",
      "        [ 3, 11, 10, 22, 19, 31, 26]]) \n",
      ") 0.7833234626335411\n",
      "Rubix(\n",
      "  Best index: 89\n",
      "  Best fitness: 0.1863)\n",
      "  Solution: \n",
      "  tensor([[ 3, 14,  7, 15, 22, 27, 33],\n",
      "        [ 2, 10, 11, 23, 20, 25, 32],\n",
      "        [ 4, 12,  9, 24, 18, 34, 31],\n",
      "        [ 1,  5, 13, 19, 21, 26, 30],\n",
      "        [ 0,  6,  8, 16, 17, 29, 28]]) \n",
      ") 0.7754902280072057\n",
      "Rubix(\n",
      "  Best index: 89\n",
      "  Best fitness: 0.1863)\n",
      "  Solution: \n",
      "  tensor([[ 4, 10,  9, 19, 21, 29, 30],\n",
      "        [ 1, 12, 13, 16, 17, 27, 28],\n",
      "        [ 0,  5,  8, 15, 22, 25, 33],\n",
      "        [ 3,  6,  7, 23, 20, 34, 32],\n",
      "        [ 2, 14, 11, 24, 18, 26, 31]]) \n",
      ") 0.7677353257271337\n",
      "Rubix(\n",
      "  Best index: 89\n",
      "  Best fitness: 0.1863)\n",
      "  Solution: \n",
      "  tensor([[ 3, 14,  8, 20, 15, 31, 25],\n",
      "        [ 2, 10,  7, 23, 18, 34, 30],\n",
      "        [ 4, 12, 11, 21, 24, 26, 28],\n",
      "        [ 1,  5,  9, 17, 19, 33, 29],\n",
      "        [ 0, 13,  6, 22, 16, 32, 27]]) \n",
      ") 0.7600579724698623\n",
      "Rubix(\n",
      "  Best index: 89\n",
      "  Best fitness: 0.1863)\n",
      "  Solution: \n",
      "  tensor([[ 1,  7, 13, 23, 16, 34, 29],\n",
      "        [ 0, 11, 14, 21, 15, 26, 27],\n",
      "        [ 3, 10,  9, 17, 18, 33, 25],\n",
      "        [ 2, 12,  6, 24, 22, 32, 30],\n",
      "        [ 4,  8,  5, 20, 19, 31, 28]]) \n",
      ") 0.7524573927451637\n",
      "Rubix(\n",
      "  Best index: 89\n",
      "  Best fitness: 0.1863)\n",
      "  Solution: \n",
      "  tensor([[ 1,  7, 13, 23, 16, 29, 34],\n",
      "        [ 0, 11, 14, 21, 15, 27, 26],\n",
      "        [ 3, 10,  9, 17, 18, 25, 33],\n",
      "        [ 2, 12,  6, 24, 22, 30, 32],\n",
      "        [ 4,  5,  8, 19, 20, 31, 28]]) \n",
      ") 0.744932818817712\n",
      "Rubix(\n",
      "  Best index: 89\n",
      "  Best fitness: 0.1863)\n",
      "  Solution: \n",
      "  tensor([[ 1, 13,  7, 23, 16, 34, 29],\n",
      "        [ 0, 11, 14, 15, 21, 27, 26],\n",
      "        [ 3,  9, 10, 17, 18, 25, 33],\n",
      "        [ 2,  6, 12, 22, 24, 32, 30],\n",
      "        [ 4,  5,  8, 20, 19, 31, 28]]) \n",
      ") 0.7374834906295349\n",
      "Rubix(\n",
      "  Best index: 89\n",
      "  Best fitness: 0.1863)\n",
      "  Solution: \n",
      "  tensor([[ 0,  5, 10, 15, 24, 31, 26],\n",
      "        [ 3, 13, 12, 17, 19, 34, 33],\n",
      "        [ 2, 11,  8, 22, 16, 27, 30],\n",
      "        [ 4,  9,  7, 20, 21, 25, 28],\n",
      "        [ 1,  6, 14, 23, 18, 32, 29]]) \n",
      ") 0.7301086557232396\n",
      "Rubix(\n",
      "  Best index: 89\n",
      "  Best fitness: 0.1863)\n",
      "  Solution: \n",
      "  tensor([[ 3,  8, 11, 20, 19, 30, 34],\n",
      "        [ 2,  7,  9, 23, 16, 28, 27],\n",
      "        [ 4,  6, 14, 21, 15, 25, 29],\n",
      "        [ 1,  5, 10, 18, 17, 26, 32],\n",
      "        [ 0, 13, 12, 22, 24, 31, 33]]) \n",
      ") 0.7228075691660072\n",
      "Rubix(\n",
      "  Best index: 89\n",
      "  Best fitness: 0.1863)\n",
      "  Solution: \n",
      "  tensor([[ 3, 11,  8, 19, 20, 34, 30],\n",
      "        [ 2,  9,  7, 16, 23, 28, 27],\n",
      "        [ 4,  6, 14, 15, 21, 25, 29],\n",
      "        [ 1,  5, 10, 18, 17, 26, 32],\n",
      "        [ 0, 12, 13, 24, 22, 31, 33]]) \n",
      ") 0.7155794934743471\n",
      "Rubix(\n",
      "  Best index: 89\n",
      "  Best fitness: 0.1863)\n",
      "  Solution: \n",
      "  tensor([[ 3, 11,  8, 19, 20, 30, 34],\n",
      "        [ 2,  7,  9, 23, 16, 27, 28],\n",
      "        [ 4,  6, 14, 15, 21, 25, 29],\n",
      "        [ 1, 10,  5, 17, 18, 26, 32],\n",
      "        [ 0, 13, 12, 22, 24, 31, 33]]) \n",
      ") 0.7084236985396036\n",
      "Rubix(\n",
      "  Best index: 89\n",
      "  Best fitness: 0.1863)\n",
      "  Solution: \n",
      "  tensor([[ 3, 11,  8, 19, 20, 30, 34],\n",
      "        [ 2,  9,  7, 16, 23, 27, 28],\n",
      "        [ 4, 14,  6, 15, 21, 25, 29],\n",
      "        [ 1, 10,  5, 18, 17, 26, 32],\n",
      "        [ 0, 12, 13, 22, 24, 31, 33]]) \n",
      ") 0.7013394615542076\n",
      "Rubix(\n",
      "  Best index: 89\n",
      "  Best fitness: 0.1863)\n",
      "  Solution: \n",
      "  tensor([[ 1,  9, 13, 18, 24, 28, 25],\n",
      "        [ 0,  8, 14, 20, 22, 26, 29],\n",
      "        [ 3, 10,  7, 19, 23, 32, 31],\n",
      "        [ 2,  6, 12, 21, 16, 33, 30],\n",
      "        [ 4,  5, 11, 15, 17, 34, 27]]) \n",
      ") 0.6943260669386655\n",
      "Rubix(\n",
      "  Best index: 89\n",
      "  Best fitness: 0.1863)\n",
      "  Solution: \n",
      "  tensor([[ 1,  9, 13, 18, 24, 28, 25],\n",
      "        [ 0, 14,  8, 22, 20, 26, 29],\n",
      "        [ 3,  7, 10, 19, 23, 32, 31],\n",
      "        [ 2, 12,  6, 21, 16, 30, 33],\n",
      "        [ 4, 11,  5, 15, 17, 34, 27]]) \n",
      ") 0.6873828062692788\n",
      "Rubix(\n",
      "  Best index: 37\n",
      "  Best fitness: 0.1195)\n",
      "  Solution: \n",
      "  tensor([[ 1,  6, 10, 24, 16, 32, 28],\n",
      "        [ 0, 11,  5, 22, 23, 34, 30],\n",
      "        [ 4,  9, 12, 21, 20, 29, 27],\n",
      "        [ 3,  8, 14, 18, 17, 26, 31],\n",
      "        [ 2,  7, 13, 19, 15, 25, 33]]) \n",
      ") 0.6866954234630096\n",
      "Rubix(\n",
      "  Best index: 37\n",
      "  Best fitness: 0.1195)\n",
      "  Solution: \n",
      "  tensor([[ 2,  7,  5, 17, 22, 27, 29],\n",
      "        [ 1,  6, 12, 15, 21, 31, 26],\n",
      "        [ 0, 11, 14, 18, 16, 33, 25],\n",
      "        [ 4,  9, 13, 19, 23, 28, 32],\n",
      "        [ 3, 10,  8, 20, 24, 30, 34]]) \n",
      ") 0.6798284692283795\n",
      "Rubix(\n",
      "  Best index: 37\n",
      "  Best fitness: 0.1195)\n",
      "  Solution: \n",
      "  tensor([[ 2,  7,  5, 22, 17, 29, 27],\n",
      "        [ 1, 12,  6, 15, 21, 31, 26],\n",
      "        [ 0, 11, 14, 18, 16, 25, 33],\n",
      "        [ 4,  9, 13, 19, 23, 32, 28],\n",
      "        [ 3,  8, 10, 20, 24, 30, 34]]) \n",
      ") 0.6730301845360956\n",
      "Rubix(\n",
      "  Best index: 37\n",
      "  Best fitness: 0.1195)\n",
      "  Solution: \n",
      "  tensor([[ 2,  7,  5, 22, 17, 29, 27],\n",
      "        [ 1, 12,  6, 21, 15, 26, 31],\n",
      "        [ 0, 14, 11, 16, 18, 33, 25],\n",
      "        [ 4,  9, 13, 19, 23, 32, 28],\n",
      "        [ 3, 10,  8, 20, 24, 34, 30]]) \n",
      ") 0.6662998826907347\n",
      "Rubix(\n",
      "  Best index: 37\n",
      "  Best fitness: 0.1195)\n",
      "  Solution: \n",
      "  tensor([[ 1, 14,  6, 16, 24, 26, 30],\n",
      "        [ 0,  9, 11, 19, 17, 33, 27],\n",
      "        [ 4, 10, 13, 20, 15, 32, 31],\n",
      "        [ 3,  7,  8, 22, 18, 34, 25],\n",
      "        [ 2, 12,  5, 21, 23, 29, 28]]) \n",
      ") 0.6596368838638274\n",
      "Rubix(\n",
      "  Best index: 37\n",
      "  Best fitness: 0.1195)\n",
      "  Solution: \n",
      "  tensor([[ 4, 10,  8, 20, 18, 29, 31],\n",
      "        [ 3,  7,  5, 22, 23, 26, 25],\n",
      "        [ 2, 12,  6, 21, 24, 33, 28],\n",
      "        [ 1, 14, 11, 16, 17, 32, 30],\n",
      "        [ 0,  9, 13, 19, 15, 34, 27]]) \n",
      ") 0.6530405150251891\n",
      "Rubix(\n",
      "  Best index: 37\n",
      "  Best fitness: 0.1195)\n",
      "  Solution: \n",
      "  tensor([[ 2, 11, 14, 15, 22, 30, 33],\n",
      "        [ 1,  9, 13, 21, 18, 27, 32],\n",
      "        [ 0,  8, 10, 16, 23, 31, 34],\n",
      "        [ 4,  5,  7, 19, 24, 25, 29],\n",
      "        [ 3,  6, 12, 20, 17, 26, 28]]) \n",
      ") 0.6465101098749372\n",
      "Rubix(\n",
      "  Best index: 37\n",
      "  Best fitness: 0.1195)\n",
      "  Solution: \n",
      "  tensor([[ 2, 11, 14, 22, 15, 30, 33],\n",
      "        [ 1,  9, 13, 21, 18, 32, 27],\n",
      "        [ 0,  8, 10, 23, 16, 34, 31],\n",
      "        [ 4,  7,  5, 24, 19, 25, 29],\n",
      "        [ 3, 12,  6, 17, 20, 28, 26]]) \n",
      ") 0.6400450087761878\n",
      "Rubix(\n",
      "  Best index: 37\n",
      "  Best fitness: 0.1195)\n",
      "  Solution: \n",
      "  tensor([[ 2, 11, 14, 22, 15, 33, 30],\n",
      "        [ 1, 13,  9, 21, 18, 27, 32],\n",
      "        [ 0, 10,  8, 16, 23, 31, 34],\n",
      "        [ 4,  5,  7, 19, 24, 29, 25],\n",
      "        [ 3, 12,  6, 17, 20, 26, 28]]) \n",
      ") 0.6336445586884258\n",
      "Rubix(\n",
      "  Best index: 37\n",
      "  Best fitness: 0.1195)\n",
      "  Solution: \n",
      "  tensor([[ 2, 14, 11, 15, 22, 33, 30],\n",
      "        [ 1,  9, 13, 21, 18, 32, 27],\n",
      "        [ 0,  8, 10, 23, 16, 34, 31],\n",
      "        [ 4,  5,  7, 24, 19, 29, 25],\n",
      "        [ 3,  6, 12, 17, 20, 26, 28]]) \n",
      ") 0.6273081131015416\n",
      "Rubix(\n",
      "  Best index: 37\n",
      "  Best fitness: 0.1195)\n",
      "  Solution: \n",
      "  tensor([[ 2, 11, 14, 22, 15, 33, 30],\n",
      "        [ 1,  9, 13, 21, 18, 32, 27],\n",
      "        [ 0, 10,  8, 23, 16, 34, 31],\n",
      "        [ 4,  7,  5, 19, 24, 25, 29],\n",
      "        [ 3,  6, 12, 20, 17, 26, 28]]) \n",
      ") 0.6210350319705261\n",
      "Rubix(\n",
      "  Best index: 37\n",
      "  Best fitness: 0.1195)\n",
      "  Solution: \n",
      "  tensor([[ 0,  6,  5, 21, 16, 34, 27],\n",
      "        [ 4, 11, 12, 23, 24, 25, 31],\n",
      "        [ 3,  9, 14, 19, 17, 26, 29],\n",
      "        [ 2, 10, 13, 20, 15, 33, 28],\n",
      "        [ 1,  7,  8, 22, 18, 32, 30]]) \n",
      ") 0.6148246816508208\n",
      "Rubix(\n",
      "  Best index: 37\n",
      "  Best fitness: 0.1195)\n",
      "  Solution: \n",
      "  tensor([[ 0,  6,  5, 16, 21, 34, 27],\n",
      "        [ 4, 12, 11, 24, 23, 31, 25],\n",
      "        [ 3,  9, 14, 17, 19, 26, 29],\n",
      "        [ 2, 10, 13, 15, 20, 28, 33],\n",
      "        [ 1,  8,  7, 22, 18, 32, 30]]) \n",
      ") 0.6086764348343127\n",
      "Rubix(\n",
      "  Best index: 37\n",
      "  Best fitness: 0.1195)\n",
      "  Solution: \n",
      "  tensor([[ 4,  9, 11, 24, 18, 28, 30],\n",
      "        [ 3, 14, 10, 17, 21, 27, 32],\n",
      "        [ 2, 13,  8, 15, 23, 25, 34],\n",
      "        [ 1,  6,  7, 22, 19, 29, 31],\n",
      "        [ 0, 12,  5, 16, 20, 33, 26]]) \n",
      ") 0.6025896704859696\n",
      "Rubix(\n",
      "  Best index: 37\n",
      "  Best fitness: 0.1195)\n",
      "  Solution: \n",
      "  tensor([[ 1, 14,  5, 23, 15, 33, 32],\n",
      "        [ 0, 11, 13, 19, 22, 34, 28],\n",
      "        [ 4,  6, 10, 20, 16, 27, 31],\n",
      "        [ 3, 12,  8, 24, 18, 26, 25],\n",
      "        [ 2,  9,  7, 21, 17, 30, 29]]) \n",
      ") 0.5965637737811099\n",
      "Rubix(\n",
      "  Best index: 37\n",
      "  Best fitness: 0.1195)\n",
      "  Solution: \n",
      "  tensor([[ 1,  5, 14, 23, 15, 33, 32],\n",
      "        [ 0, 11, 13, 22, 19, 34, 28],\n",
      "        [ 4,  6, 10, 16, 20, 27, 31],\n",
      "        [ 3, 12,  8, 18, 24, 26, 25],\n",
      "        [ 2,  9,  7, 21, 17, 30, 29]]) \n",
      ") 0.5905981360432988\n",
      "Rubix(\n",
      "  Best index: 37\n",
      "  Best fitness: 0.1195)\n",
      "  Solution: \n",
      "  tensor([[ 3,  9, 10, 16, 24, 34, 31],\n",
      "        [ 2,  5,  8, 18, 17, 27, 25],\n",
      "        [ 1, 11,  7, 21, 15, 26, 29],\n",
      "        [ 0,  6, 14, 23, 19, 30, 32],\n",
      "        [ 4, 12, 13, 22, 20, 33, 28]]) \n",
      ") 0.5846921546828658\n",
      "Rubix(\n",
      "  Best index: 37\n",
      "  Best fitness: 0.1195)\n",
      "  Solution: \n",
      "  tensor([[ 2,  7,  6, 21, 15, 33, 32],\n",
      "        [ 1, 14, 12, 23, 19, 34, 28],\n",
      "        [ 0,  9, 13, 20, 22, 31, 27],\n",
      "        [ 4, 10,  5, 24, 16, 25, 26],\n",
      "        [ 3,  8, 11, 17, 18, 30, 29]]) \n",
      ") 0.5788452331360372\n",
      "Rubix(\n",
      "  Best index: 37\n",
      "  Best fitness: 0.1195)\n",
      "  Solution: \n",
      "  tensor([[ 2,  7,  6, 15, 21, 33, 32],\n",
      "        [ 1, 14, 12, 19, 23, 28, 34],\n",
      "        [ 0,  9, 13, 22, 20, 27, 31],\n",
      "        [ 4,  5, 10, 16, 24, 26, 25],\n",
      "        [ 3,  8, 11, 18, 17, 29, 30]]) \n",
      ") 0.5730567808046768\n",
      "Rubix(\n",
      "  Best index: 37\n",
      "  Best fitness: 0.1195)\n",
      "  Solution: \n",
      "  tensor([[ 4,  8, 11, 19, 23, 27, 30],\n",
      "        [ 3,  7,  6, 22, 20, 26, 32],\n",
      "        [ 2, 14, 12, 16, 24, 29, 34],\n",
      "        [ 1,  9, 13, 18, 17, 33, 31],\n",
      "        [ 0,  5, 10, 15, 21, 28, 25]]) \n",
      ") 0.56732621299663\n",
      "Rubix(\n",
      "  Best index: 37\n",
      "  Best fitness: 0.1195)\n",
      "  Solution: \n",
      "  tensor([[ 4,  8, 11, 23, 19, 30, 27],\n",
      "        [ 3,  7,  6, 22, 20, 26, 32],\n",
      "        [ 2, 14, 12, 24, 16, 34, 29],\n",
      "        [ 1, 13,  9, 18, 17, 31, 33],\n",
      "        [ 0,  5, 10, 15, 21, 25, 28]]) \n",
      ") 0.5616529508666637\n",
      "Rubix(\n",
      "  Best index: 37\n",
      "  Best fitness: 0.1195)\n",
      "  Solution: \n",
      "  tensor([[ 4, 11,  8, 23, 19, 27, 30],\n",
      "        [ 3,  7,  6, 22, 20, 32, 26],\n",
      "        [ 2, 12, 14, 24, 16, 29, 34],\n",
      "        [ 1, 13,  9, 18, 17, 31, 33],\n",
      "        [ 0, 10,  5, 15, 21, 25, 28]]) \n",
      ") 0.556036421357997\n",
      "Rubix(\n",
      "  Best index: 37\n",
      "  Best fitness: 0.1195)\n",
      "  Solution: \n",
      "  tensor([[ 0,  7,  5, 16, 18, 33, 32],\n",
      "        [ 4, 12,  8, 17, 15, 29, 28],\n",
      "        [ 3,  6, 13, 23, 21, 30, 31],\n",
      "        [ 2, 10, 14, 22, 19, 26, 25],\n",
      "        [ 1, 11,  9, 20, 24, 27, 34]]) \n",
      ") 0.550476057144417\n",
      "Rubix(\n",
      "  Best index: 37\n",
      "  Best fitness: 0.1195)\n",
      "  Solution: \n",
      "  tensor([[ 4, 12, 13, 17, 15, 30, 25],\n",
      "        [ 3,  6, 14, 23, 21, 34, 26],\n",
      "        [ 2, 10,  9, 19, 22, 32, 27],\n",
      "        [ 1,  5, 11, 20, 24, 33, 28],\n",
      "        [ 0,  7,  8, 18, 16, 29, 31]]) \n",
      ") 0.5449712965729728\n",
      "Rubix(\n",
      "  Best index: 37\n",
      "  Best fitness: 0.1195)\n",
      "  Solution: \n",
      "  tensor([[ 2, 11,  5, 19, 16, 26, 32],\n",
      "        [ 1,  8,  7, 15, 20, 27, 33],\n",
      "        [ 0, 12, 13, 21, 18, 29, 28],\n",
      "        [ 4, 14,  6, 17, 22, 30, 31],\n",
      "        [ 3,  9, 10, 23, 24, 25, 34]]) \n",
      ") 0.5395215836072431\n",
      "Rubix(\n",
      "  Best index: 37\n",
      "  Best fitness: 0.1195)\n",
      "  Solution: \n",
      "  tensor([[ 2, 11,  5, 19, 16, 26, 32],\n",
      "        [ 1,  7,  8, 20, 15, 27, 33],\n",
      "        [ 0, 12, 13, 18, 21, 29, 28],\n",
      "        [ 4, 14,  6, 22, 17, 30, 31],\n",
      "        [ 3,  9, 10, 24, 23, 25, 34]]) \n",
      ") 0.5341263677711707\n",
      "Rubix(\n",
      "  Best index: 37\n",
      "  Best fitness: 0.1195)\n",
      "  Solution: \n",
      "  tensor([[ 2,  5, 11, 19, 16, 26, 32],\n",
      "        [ 1,  8,  7, 15, 20, 27, 33],\n",
      "        [ 0, 13, 12, 18, 21, 28, 29],\n",
      "        [ 4,  6, 14, 17, 22, 30, 31],\n",
      "        [ 3,  9, 10, 24, 23, 34, 25]]) \n",
      ") 0.528785104093459\n",
      "Rubix(\n",
      "  Best index: 37\n",
      "  Best fitness: 0.1195)\n",
      "  Solution: \n",
      "  tensor([[ 2, 11,  5, 19, 16, 26, 32],\n",
      "        [ 1,  8,  7, 20, 15, 33, 27],\n",
      "        [ 0, 12, 13, 18, 21, 28, 29],\n",
      "        [ 4,  6, 14, 22, 17, 30, 31],\n",
      "        [ 3, 10,  9, 24, 23, 25, 34]]) \n",
      ") 0.5234972530525245\n"
     ]
    },
    {
     "ename": "KeyboardInterrupt",
     "evalue": "",
     "output_type": "error",
     "traceback": [
      "\u001b[31m---------------------------------------------------------------------------\u001b[39m",
      "\u001b[31mKeyboardInterrupt\u001b[39m                         Traceback (most recent call last)",
      "\u001b[36mCell\u001b[39m\u001b[36m \u001b[39m\u001b[32mIn[3]\u001b[39m\u001b[32m, line 28\u001b[39m\n\u001b[32m     25\u001b[39m hc_best_fitnesses.append(result.rubix_fitness.item())\n\u001b[32m     27\u001b[39m \u001b[38;5;66;03m# Annealer\u001b[39;00m\n\u001b[32m---> \u001b[39m\u001b[32m28\u001b[39m dataset, result, history = \u001b[43mrun\u001b[49m\u001b[43m(\u001b[49m\n\u001b[32m     29\u001b[39m \u001b[43m    \u001b[49m\u001b[43mdata_path\u001b[49m\u001b[43m=\u001b[49m\u001b[43mDATA_V1\u001b[49m\n\u001b[32m     30\u001b[39m \u001b[43m    \u001b[49m\u001b[43m,\u001b[49m\u001b[43mconfig_file\u001b[49m\u001b[43m=\u001b[49m\u001b[33;43m'\u001b[39;49m\u001b[33;43mannealing_config.json\u001b[39;49m\u001b[33;43m'\u001b[39;49m\n\u001b[32m     31\u001b[39m \u001b[43m\u001b[49m\u001b[43m)\u001b[49m\n\u001b[32m     32\u001b[39m sa_best_fitnesses.append(result.rubix_fitness.item())\n\u001b[32m     34\u001b[39m \u001b[38;5;66;03m# Genetic\u001b[39;00m\n",
      "\u001b[36mFile \u001b[39m\u001b[32m~/Documents/IMS/2024 - 2025/Projects/ComputationalIntelligenceOptimization/rubix/run.py:74\u001b[39m, in \u001b[36mrun\u001b[39m\u001b[34m(data_path, config_file)\u001b[39m\n\u001b[32m     66\u001b[39m solver = Solver(\n\u001b[32m     67\u001b[39m     dataset.matrix, \n\u001b[32m     68\u001b[39m     dataset.cost_params,  \n\u001b[32m     69\u001b[39m     dataset.layout_params, \n\u001b[32m     70\u001b[39m     dataset.solver_params\n\u001b[32m     71\u001b[39m )\n\u001b[32m     73\u001b[39m \u001b[38;5;66;03m# Solve the problem\u001b[39;00m\n\u001b[32m---> \u001b[39m\u001b[32m74\u001b[39m result, history = \u001b[43msolver\u001b[49m\u001b[43m.\u001b[49m\u001b[43msolve\u001b[49m\u001b[43m(\u001b[49m\u001b[43m)\u001b[49m\n\u001b[32m     76\u001b[39m \u001b[38;5;28;01mreturn\u001b[39;00m dataset, result, history\n",
